147
700
250
764
504
349
345
811
404
217
553
271
116
939
865
749
318
116
595
219
420
819
471
429
617
250
665
70
668
851
765
167
551
15
932
55
716
629
218
120
198
772
744
315
63
609
416
381
726
11
953
498
182
776
927
152
26
944
222
46
147
339
214
698
706
146
105
422
775
324
895
973
448
639
288
511
600
56
244
326
419
197
176
602
974
103
754
352
399
328
399
546
20
613
596
726
111
702
501
238
378
396
563
826
387
204
689
987
260
933
666
680
483
842
282
457
298
388
161
49
68
560
596
88
525
544
815
988
246
668
226
976
416
790
154
803
994
843
142
254
129
160
934
612
355
568
421
653
308
582
54
377
495
2
465
20
547
632
9
145
300
587
122
716
377
276
871
723
472
366
978
601
526
264
565
881
185
986
886
493
568
941
222
63
943
688
436
842
672
445
988
325
384
110
393
762
738
265
485
210
983
815
163
509
432
728
391
617
714
629
110
635
922
333
698
218
373
134
60
397
931
48
722
316
510
116
430
601
733
267
163
716
435
327
225
867
407
968
484
474
950
946
109
872
279
807
90
4
294
151
402
577
551
124
245
414
592
27
15
325
295
530
41
730
857
619
597
617
939
433
91
889
379
200
762
11
359
852
15
5
355
769
583
907
246
180
321
838
208
688
164
503
218
557
585
428
528
534
45
468
967
488
357
346
688
119
709
47
324
725
53
679
846
988
586
92
168
259
283
376
947
799
231
518
356
816
946
237
350
343
705
669
831
414
16
519
534
725
918
210
802
323
889
1
663
828
93
832
87
376
560
387
175
792
905
884
960
203
121
663
546
178
332
377
592
700
248
478
778
518
688
932
842
930
933
505
758
27
689
197
755
602
584
283
746
841
519
706
44
640
721
590
818
406
319
762
106
567
241
236
86
929
169
280
859
102
137
969
481
827
167
589
781
103
872
527
945
391
585
989
383
307
932
553
713
251
315
171
819
556
408
257
838
929
537
49
31
674
19
865
853
538
454
634
641
678
161
586
421
99
928
804
406
860
709
471
111
24
994
282
933
402
891
123
331
428
172
715
455
543
580
308
81
386
295
723
64
808
661
837
907
589
641
665
801
350
136
913
726
131
547
11
885
439
134
569
219
307
284
674
202
216
335
636
954
630
711
370
790
372
207
698
314
200
363
115
550
852
380
628
335
280
640
220
719
774
789
290
433
425
317
988
993
652
624
947
634
335
317
424
707
524
474
373
76
838
489
626
690
221
607
25
501
247
597
572
373
739
863
807
164
180
795
158
184
419
105
818
106
775
594
813
651
69
539
728
907
380
706
949
601
313
326
455
912
275
27
286
14
242
445
179
774
240
689
310
11
146
128
117
921
75
282
573
144
821
653
403
201
359
704
155
25
382
610
937
657
989
223
24
232
668
203
358
260
244
669
623
390
149
92
312
224
375
237
720
548
242
123
102
601
179
257
978
561
867
916
571
208
491
595
792
512
150
151
124
394
172
748
784
321
840
448
898
567
37
618
116
279
94
218
233
273
827
563
187
46
479
758
254
323
705
47
187
855
550
311
249
722
411
385
395
252
186
645
171
223
264
287
855
710
857
440
983
36
3
522
82
835
632
689
510
337
88
697
192
638
8
793
712
420
531
459
24
717
105
195
292
369
835
499
79
44
939
414
81
295
289
163
130
921
204
640
259
292
689
803
282
697
597
994
469
480
454
845
197
559
41
841
280
876
341
711
920
632
477
353
279
766
869
761
688
73
753
299
718
442
102
0
492
51
347
961
531
801
807
80
712
200
922
344
428
615
55
700
247
532
54
527
651
923
288
691
348
394
990
66
836
444
67
328
496
414
290
379
567
449
460
631
649
382
975
429
349
30
129
596
914
183
475
565
458
116
608
807
510
598
873
698
395
292
27
891
58
669
622
625
118
82
256
119
816
231
548
165
613
29
114
528
565
589
445
23
57
406
182
919
356
56
618
751
700
645
994
759
666
617
736
784
699
345
255
868
928
155
33
542
184
147
422
101
89
219
125
498
625
307
418
982
715
388
85
768
385
80
527
51
49
615
187
100
960
794
968
889
949
2
783
485
149
205
939
590
424
64
89
402
723
859
736
439
247
821
207
632
253
86
35
302
53
222
403
14
16
371
255
317
725
38
154
875
243
93
817
19
509
906
421
233
765
157
24
364
331
231
996
584
669
383
887
722
605
642
88
973
13
343
642
739
381
149
966
976
594
783
348
104
42
121
689
807
631
713
172
962
296
520
546
965
904
